0.0983605384827
0.0188770294189
0.0161573886871
0.0186297893524
0.0160102844238
0.0184891223907
0.0169858932495
0.0171341896057
0.0138385295868
0.0165572166443
0.0138792991638
0.0186665058136
0.0127820968628
0.0159730911255
0.0161099433899
0.0153393745422
0.0159504413605
0.0159885883331
0.0185551643372
0.0158710479736
0.0294370651245
0.0283381938934
0.0138297080994
0.0361318588257
0.0370855331421
0.0245914459229
0.021909236908
0.0191388130188
0.0158843994141
0.0163428783417
0.0159270763397
0.0235533714294
0.0187890529633
0.0305619239807
0.026641368866
0.0111815929413
0.0323438644409
0.024266242981
0.0131223201752
0.012984752655
0.0103194713593
0.0270075798035
0.0207068920135
0.0171921253204
0.0251295566559
0.0309538841248
0.0278809070587
0.0280232429504
0.0283315181732
0.0364351272583
0.0263116359711
0.0234088897705
0.0450339317322
0.0403418540955
0.0400123596191
0.0403504371643
0.0297160148621
0.0246293544769
0.034117937088
0.0240385532379
0.033282995224
0.0316264629364
0.0305035114288
0.0306529998779
0.028783082962
0.0263566970825
0.0362503528595
0.0343852043152
0.0349082946777
0.0316524505615
0.0367832183838
0.0229115486145
0.0365009307861
0.0281538963318
0.0255296230316
0.0208394527435
0.0197956562042
0.0200765132904
0.0129654407501
0.0359778404236
0.0415947437286
0.0394670963287
0.0200028419495
0.0318565368652
0.0319156646729
0.0215458869934
0.0198202133179
0.0224595069885
0.0153410434723
0.0167970657349
0.0166387557983
0.0187737941742
0.0159623622894
0.0189578533173
0.0135335922241
0.0168418884277
0.0138447284698
0.0134000778198
0.0164887905121
0.016800403595
0.0163159370422
0.0180027484894
0.026834487915
0.0168824195862
0.0189242362976
0.0242080688477
0.0176146030426
0.0342307090759
0.0243995189667
0.0265552997589
0.0270931720734
0.0292830467224
0.0300998687744
0.030415058136
0.0299623012543
0.0293941497803
0.0285723209381
0.0275523662567
0.0250165462494
0.0134429931641
0.0321300029755
0.0241937637329
0.034126996994
0.0328311920166
0.0393531322479
0.037858247757
0.0198621749878
0.0196945667267
0.0328321456909
0.0266473293304
0.0254878997803
0.0190489292145
0.0193388462067
0.0195202827454
0.0214076042175
0.021909236908
0.0249538421631
0.0238378047943
0.0160977840424
0.0185809135437
0.0159735679626
0.0213303565979
0.0190482139587
0.0184826850891
0.0171966552734
0.0213012695312
0.0177962779999
0.0199408531189
0.028106212616
0.0291395187378
0.0358180999756
0.0167200565338
0.020979642868
0.0291123390198
0.0217318534851
0.0211231708527
0.0216908454895
0.0144507884979
0.0190582275391
0.0188734531403
0.0214023590088
0.0224833488464
0.0216634273529
0.0171475410461
0.0172352790833
0.0112481117249
0.0284917354584
0.0223624706268
0.0193030834198
0.0144145488739
0.0283889770508
0.022246837616
0.0237572193146
0.0202946662903
0.0168473720551
0.0150620937347
0.0211057662964
0.0155749320984
0.0211458206177
0.0183258056641
0.0339844226837
0.0270638465881
0.0270347595215
0.0313487052917
0.0134923458099
0.0145175457001
0.0200474262238
0.0210661888123
0.0208351612091
0.0161371231079
0.0196180343628
0.019341468811
0.0382988452911
0.0337131023407
0.0409643650055
0.0317776203156
0.0334095954895
0.0367960929871
0.0300250053406
0.027416229248
0.0290100574493
0.0149576663971
0.0139422416687
0.0114650726318
0.017258644104
0.015273809433
0.0155227184296
0.0158891677856
0.01615691185
0.0161945819855
0.0144090652466
0.0238513946533
0.0186324119568
0.0224413871765
0.0295858383179
0.028538942337
0.0203013420105
0.0350971221924
0.0348246097565
0.0253429412842
0.0225369930267
0.0164356231689
0.0192077159882
0.0189538002014
0.0187537670135
0.0245094299316
0.0241522789001
0.0293474197388
0.0252850055695
0.0241212844849
0.0246181488037
0.0236465930939
0.0275239944458
0.0163724422455
0.0159828662872
0.0231304168701
0.0153512954712
0.0212664604187
0.0195093154907
0.0170078277588
0.0150961875916
0.0169084072113
0.0167398452759
0.018253326416
0.021922826767
0.0213437080383
0.021112203598
0.0214898586273
0.0240557193756
0.0240452289581
0.0213632583618
0.01416015625
0.0141968727112
0.0312747955322
0.0191259384155
0.013641834259
0.0181827545166
0.0277655124664
0.0276472568512
0.0331788063049
0.0155925750732
0.0194022655487
0.0280010700226
0.0254280567169
0.0257701873779
0.02880859375
0.0359697341919
0.0332672595978
0.0298280715942
0.0176389217377
0.0230529308319
0.0239541530609
0.0139548778534
0.0214014053345
0.0241274833679
0.0261063575745
0.0222527980804
0.0190079212189
0.0141513347626
0.0166251659393
0.0220282077789
0.0230407714844
0.0169632434845
0.014622926712
0.0315160751343
0.0268881320953
0.0482778549194
0.0443203449249
0.0369911193848
0.0422420501709
0.0484502315521
0.043624162674
0.0198268890381
0.0195753574371
0.0232708454132
0.0208699703217
0.0252709388733
0.0162258148193
0.0239207744598
0.0203363895416
0.0181400775909
0.0265443325043
0.0331990718842
0.0250568389893
0.0210037231445
0.0206983089447
0.0321450233459
0.0256884098053
0.0246455669403
0.0294582843781
0.0166854858398
0.026778459549
0.022203207016
0.028312921524
0.0216839313507
0.0210607051849
0.0221271514893
0.0351350307465
0.0229897499084
0.0351402759552
0.0323097705841
0.0245788097382
0.0396783351898
0.0281479358673
0.0299437046051
0.0270297527313
0.0295615196228
0.0226871967316
0.0247166156769
0.0164949893951
0.0133655071259
0.0157968997955
0.0208110809326
0.0213491916656
0.0161972045898
0.0187678337097
0.02179479599
0.0188925266266
0.0216624736786
0.022673368454
0.0171821117401
0.0203330516815
0.0173852443695
0.0212924480438
0.0233390331268
0.0236241817474
0.0167009830475
0.0164663791656
0.016473531723
0.0178136825562
0.0202803611755
0.0198159217834
0.0195627212524
0.0216369628906
0.0244972705841
0.0240259170532
0.0244951248169
0.0246288776398
0.0254323482513
0.0199890136719
0.0238177776337
0.0242300033569
0.0336196422577
0.0237486362457
0.0311663150787
0.0267791748047
0.0240993499756
0.0337455272675
0.0298428535461
0.0253038406372
0.0320701599121
0.0368032455444
0.0421228408813
0.0310342311859
0.0350532531738
0.0263950824738
0.0415830612183
0.037168264389
0.0292811393738
0.0221183300018
0.0211582183838
0.0177674293518
0.0216200351715
0.019467830658
0.0313904285431
0.0212552547455
0.0221900939941
0.0215191841125
0.0205893516541
0.0188400745392
0.0184140205383
0.020720243454
0.0182688236237
0.0190453529358
0.0200166702271
0.0180606842041
0.0239858627319
0.0267701148987
0.0173606872559
0.0225636959076
0.0171959400177
0.0289478302002
0.0411019325256
0.0340762138367
0.0439400672913
0.022763967514
0.0421884059906
0.0168235301971
0.0223631858826
0.0203995704651
0.0355491638184
0.0179808139801
0.0223391056061
0.043185710907
0.0406439304352
0.0261969566345
0.0251924991608
0.0367360115051
0.0317554473877
0.0358667373657
0.0294692516327
0.0238521099091
0.0217199325562
0.0234208106995
0.0221092700958
0.0191385746002
0.0165801048279
0.0166256427765
0.0174045562744
0.0236008167267
0.0236594676971
0.0227463245392
0.0271110534668
0.0215449333191
0.0191164016724
0.0223460197449
0.0190961360931
0.0251066684723
0.0230619907379
0.0239207744598
0.0209741592407
0.0296580791473
0.0202302932739
0.0219180583954
0.0231237411499
0.0304989814758
0.0195832252502
0.0219850540161
0.0225043296814
0.0235974788666
0.0222198963165
0.0174329280853
0.0221002101898
0.0188753604889
0.0189118385315
0.0163295269012
0.0163052082062
0.0186266899109
0.0238177776337
0.0151026248932
0.0185923576355
0.0182511806488
0.0147721767426
0.020325422287
0.0154061317444
0.0273025035858
0.0249943733215
0.015946149826
0.0226652622223
0.0232830047607
0.02339220047
0.0228078365326
0.0204238891602
0.024573802948
0.022129535675
0.0164988040924
0.0163590908051
0.0180106163025
0.0142016410828
0.018857717514
0.0214650630951
0.0239043235779
0.021520614624
0.0115511417389
0.016104221344
0.0194838047028
0.0212640762329
0.0215456485748
0.038046836853
0.0322322845459
0.0279982089996
0.0343208312988
0.02610039711
0.0181427001953
0.0307595729828
0.0164489746094
0.014906167984
0.0416865348816
0.0189673900604
0.0172753334045
0.0224289894104
0.0279698371887
0.027295589447
0.0245463848114
0.0242214202881
0.0207183361053
0.0222933292389
0.0344479084015
0.0303847789764
0.0220439434052
0.0224759578705
0.0213327407837
0.027535200119
0.022381067276
0.0190217494965
0.0225262641907
0.014591217041
0.0193247795105
0.0196461677551
0.0114891529083
0.0136246681213
0.0189983844757
0.0168519020081
0.0196173191071
0.0166923999786
0.0144221782684
0.0209879875183
0.014461517334
0.0137155056
0.0161280632019
0.0193068981171
0.0377135276794
0.0305531024933
0.0360050201416
0.0273532867432
0.0397436618805
0.0348818302155
0.0321259498596
0.0381534099579
0.0313413143158
0.0329902172089
0.0378756523132
0.0340008735657
0.0386099815369
0.034609079361
0.0460109710693
0.0483622550964
0.0347352027893
0.0345039367676
0.0224206447601
0.0174105167389
0.0181331634521
0.0170619487762
0.0111989974976
0.011293888092
0.0176720619202
0.0232717990875
0.0204081535339
0.0229406356812
0.0251219272614
0.0304837226868
0.0382051467896
0.028927564621
0.0399677753448
0.0214421749115
0.0314612388611
0.0221738815308
0.0220746994019
0.0323529243469
0.0309500694275
0.0192673206329
0.0140821933746
0.0190179347992
0.01478099823
0.0160427093506
0.0191950798035
0.0167810916901
0.0135707855225
0.0188987255096
0.0135357379913
0.0184400081635
0.0137569904327
0.0162992477417
0.0158634185791
0.0164501667023
0.0187935829163
0.0183229446411
0.0140326023102
0.0163917541504
0.0170328617096
0.0150845050812
0.021407365799
0.0165910720825
0.0184483528137
0.0206451416016
0.0289957523346
0.0260541439056
0.0159573554993
0.0220530033112
0.0222697257996
0.0217175483704
0.0216641426086
0.021461725235
0.0200645923615
0.0301110744476
0.02321600914
0.0913786888123
0.0167393684387
0.0233087539673
0.0238926410675
0.017929315567
0.0173718929291
0.019966840744
0.027063369751
0.0230255126953
0.0266087055206
0.0220427513123
0.0243453979492
0.0243902206421
0.0250959396362
0.025651216507
0.0265731811523
0.0192301273346
0.0215938091278
0.0189571380615
0.0213971138
0.0162332057953
0.0167918205261
0.0227193832397
0.0111706256866
0.0112128257751
0.0113868713379
0.0117585659027
0.0119802951813
0.0277104377747
0.0199685096741
0.0224401950836
0.025723695755
0.0311162471771
0.0253489017487
0.0201990604401
0.0234830379486
0.0225496292114
0.0234651565552
0.0218348503113
0.0239434242249
0.0258054733276
0.0221221446991
0.0238618850708
0.0189504623413
0.0236086845398
0.0270481109619
0.0277297496796
0.0306031703949
0.031001329422
0.036062002182
0.0265445709229
0.032942533493
0.0210721492767
0.0287096500397
0.0349409580231
0.0394060611725
0.0297048091888
0.0166594982147
0.0143368244171
0.0141143798828
0.0209932327271
0.0209209918976
0.0195808410645
0.0245261192322
0.0198197364807
0.0163490772247
0.0162556171417
0.026025056839
0.0241403579712
0.0223488807678
0.0231688022614
0.0171024799347
0.0189201831818
0.0188739299774
0.0166888237
0.0173184871674
0.0196611881256
0.0199468135834
0.016223192215
0.0167860984802
0.0166082382202
0.0202045440674
0.0229432582855
0.0201907157898
0.0189027786255
0.0185780525208
0.019362449646
0.0139203071594
0.0172667503357
0.0168964862823
0.0239675045013
0.0221810340881
0.0232594013214
0.023770570755
0.0229749679565
0.0152695178986
0.018262386322
0.0185170173645
0.0216114521027
0.0149385929108
0.0209677219391
0.02494597435
0.0173852443695
0.0187382698059
0.0259463787079
0.0296349525452
0.0167469978333
0.0248208045959
0.0228161811829
0.0173411369324
0.0188815593719
0.0184607505798
0.0160582065582
0.0197110176086
0.016131401062
0.0186421871185
0.0202484130859
0.0197141170502
0.0138053894043
0.0187020301819
0.0242962837219
0.0197162628174
0.0201861858368
0.0253915786743
0.0201632976532
0.0220303535461
0.0253908634186
0.0247418880463
0.0263199806213
0.0170750617981
0.0239551067352
0.0190150737762
0.0193214416504
0.0188179016113
0.021892786026
0.0181374549866
0.0183882713318
0.0203359127045
0.0177314281464
0.019540309906
0.0311441421509
0.0266785621643
0.0279285907745
0.0215151309967
0.0272960662842
0.0177655220032
0.0169706344604
0.0282032489777
0.028243303299
0.0232260227203
0.0284113883972
0.0339891910553
0.0348560810089
0.0209679603577
0.0287182331085
0.0257165431976
0.0284552574158
0.0206761360168
0.0176770687103
0.0193312168121
0.0147571563721
0.0198764801025
0.0169310569763
0.0202713012695
0.0173940658569
0.0161738395691
0.0139057636261
0.0135164260864
0.0171763896942
0.0137076377869
0.013650894165
0.0164043903351
0.0134568214417
0.0135412216187
0.0192155838013
0.0135614871979
0.0166697502136
0.0137383937836
0.0170097351074
0.0276308059692
0.0193359851837
0.0221219062805
0.0191388130188
0.0167529582977
0.0203278064728
0.0208938121796
0.0229725837708
0.0272181034088
0.0205507278442
0.0186738967896
0.0171689987183
0.0142576694489
0.0181357860565
0.0159702301025
0.028092622757
0.025562286377
0.02286028862
0.0178067684174
0.0165989398956
0.0262596607208
0.028450012207
0.0275962352753
0.0195813179016
0.0189609527588
0.0164301395416
0.0189011096954
0.016261100769
0.01642537117
0.0168015956879
0.0183959007263
0.0187036991119
0.0189583301544
0.0127599239349
0.0269875526428
0.0202071666718
0.017439365387
0.0167739391327
0.0220572948456
0.0190315246582
0.0192511081696
0.0195801258087
0.0172855854034
0.0194630622864
0.0172348022461
0.0172710418701
0.0151805877686
0.016503572464
0.0142109394073
0.0165774822235
0.0121755599976
0.0167510509491
0.0169463157654
0.0173065662384
0.0183329582214
0.0176813602448
0.0198364257812
0.015997171402
0.0286614894867
0.0288820266724
0.0144612789154
0.0405969619751
0.0376846790314
0.0248670578003
0.0219042301178
0.0191321372986
0.0163509845734
0.0162916183472
0.0162770748138
0.0214140415192
0.0190968513489
0.0258679389954
0.0251791477203
0.0116438865662
0.0334289073944
0.0239281654358
0.0130338668823
0.0133290290833
0.010443687439
0.0281550884247
0.026073217392
0.0181744098663
0.0250191688538
0.0277528762817
0.031800031662
0.0294501781464
0.0298976898193
0.0453560352325
0.0296032428741
0.0291614532471
0.0440547466278
0.0414371490479
0.038792848587
0.0444214344025
0.0310530662537
0.029611825943
0.0334782600403
0.0249552726746
0.0311372280121
0.0317769050598
0.0300331115723
0.0259635448456
0.026214838028
0.0259006023407
0.0425152778625
0.0362820625305
0.0360674858093
0.0323514938354
0.0361199378967
0.0234580039978
0.0387539863586
0.0267107486725
0.0239460468292
0.0211355686188
0.0189163684845
0.0208334922791
0.0121202468872
0.0340209007263
0.0376935005188
0.0353319644928
0.0194563865662
0.0317821502686
0.0366489887238
0.0197319984436
0.0192809104919
0.0218341350555
0.0153222084045
0.0169639587402
0.01593708992
0.0221350193024
0.0171248912811
0.0211801528931
0.017064332962
0.0184760093689
0.0198304653168
0.0156819820404
0.0197610855103
0.0193762779236
0.0210211277008
0.0177826881409
0.0229699611664
0.0177674293518
0.016731262207
0.0217528343201
0.0162324905396
0.0290715694427
0.0258824825287
0.0270140171051
0.028382062912
0.0312404632568
0.0315663814545
0.0300953388214
0.0308578014374
0.0321028232574
0.0299751758575
0.0279433727264
0.0275526046753
0.0139136314392
0.0342085361481
0.0267124176025
0.0332622528076
0.0320243835449
0.0393149852753
0.0415849685669
0.0205817222595
0.0194673538208
0.0332953929901
0.0253522396088
0.0267114639282
0.0225784778595
0.0230932235718
0.0200157165527
0.0227882862091
0.0278279781342
0.026718378067
0.0266816616058
0.0168874263763
0.019412279129
0.016491651535
0.0219678878784
0.0206024646759
0.0179917812347
0.0187518596649
0.0197384357452
0.0160639286041
0.0167565345764
0.0244679450989
0.0262293815613
0.0321464538574
0.0170521736145
0.0200872421265
0.0282752513885
0.0230331420898
0.0259337425232
0.0267188549042
0.0130560398102
0.018520116806
0.0207576751709
0.0219051837921
0.0232057571411
0.0222373008728
0.0161960124969
0.0160911083221
0.0111083984375
0.0273787975311
0.0192275047302
0.0192410945892
0.0135624408722
0.0273468494415
0.0217797756195
0.02183842659
0.01944231987
0.0163288116455
0.0137195587158
0.0189707279205
0.0145766735077
0.0192887783051
0.0208563804626
0.0375702381134
0.0325639247894
0.0306236743927
0.0346434116364
0.0137546062469
0.0138740539551
0.0189518928528
0.0186567306519
0.0186018943787
0.0163187980652
0.0187928676605
0.0188419818878
0.0342752933502
0.0353906154633
0.0342643260956
0.0281820297241
0.0322573184967
0.0401532649994
0.0360608100891
0.0328118801117
0.0316023826599
0.0144727230072
0.0134742259979
0.0110440254211
0.0164074897766
0.0144195556641
0.0140302181244
0.0175423622131
0.0159754753113
0.0165283679962
0.0136725902557
0.0253338813782
0.0179781913757
0.0189702510834
0.0266025066376
0.0269854068756
0.0190620422363
0.0301032066345
0.0240218639374
0.0197997093201
0.0234544277191
0.0178165435791
0.022314786911
0.0260932445526
0.0254271030426
0.030433177948
0.0324592590332
0.0368790626526
0.0266468524933
0.0268309116364
0.0265202522278
0.0274283885956
0.0292756557465
0.0175619125366
0.0199928283691
0.0288481712341
0.0397620201111
0.0595557689667
0.0628931522369
0.0637171268463
0.0608811378479
0.0773148536682
0.0601971149445
0.0606772899628
0.0774672031403
0.0818512439728
0.0711939334869
0.0757923126221
0.0899167060852
0.0742540359497
0.071751832962
0.043897151947
0.0469980239868
0.0969536304474
0.0607800483704
0.0412368774414
0.053719997406
0.0821471214294
0.0807399749756
0.0978410243988
0.0380032062531
0.0557205677032
0.0779345035553
0.0574376583099
0.071585893631
0.0694630146027
0.103112459183
0.110158920288
0.10949921608
0.0622503757477
0.0818033218384
0.0890982151031
0.0509333610535
0.0782468318939
0.0895483493805
0.0891575813293
0.0798075199127
0.0758986473083
0.0482127666473
0.0656495094299
0.0612399578094
0.217772006989
0.0677449703217
0.064710855484
0.0867989063263
0.0875182151794
0.147807598114
0.148447036743
0.150838851929
0.162544965744
0.255990982056
0.138856887817
0.0646150112152
0.180877923965
0.0726280212402
0.0614092350006
0.0706751346588
0.0507769584656
0.0715169906616
0.0650753974915
0.0557997226715
0.0771663188934
0.0861768722534
0.0697450637817
0.0609750747681
0.0635621547699
0.0973491668701
0.0779531002045
0.0826640129089
0.0851633548737
0.053982257843
0.10054898262
0.073511838913
0.0884203910828
0.0789422988892
0.0553846359253
0.0628981590271
0.0873057842255
0.0575358867645
0.0810325145721
0.0818479061127
0.0572836399078
0.118712186813
0.0924260616302
0.0863130092621
0.094019651413
0.0927450656891
0.0528762340546
0.0914733409882
0.0622878074646
0.0484364032745
0.0653388500214
0.0727944374084
0.0858371257782
0.0645818710327
0.0824520587921
0.0938384532928
0.0702712535858
0.0841374397278
0.0785827636719
0.0591156482697
0.0603799819946
0.0648767948151
0.068124294281
0.0764200687408
0.0723567008972
0.0538945198059
0.0543479919434
0.0564012527466
0.0560624599457
0.0660881996155
0.0555272102356
0.0674221515656
0.0704560279846
0.0781569480896
0.0823056697845
0.0794098377228
0.0846881866455
0.0855586528778
0.0645554065704
0.0681419372559
0.0594592094421
0.0682573318481
0.0500090122223
0.0738272666931
0.0639295578003
0.0669357776642
0.0877914428711
0.0773332118988
0.066992521286
0.0686693191528
0.0777833461761
0.0648548603058
0.0557329654694
0.0784206390381
0.0603778362274
0.0801486968994
0.0772573947906
0.067549943924
0.0579197406769
0.0619218349457
0.0504667758942
0.0560622215271
0.0489892959595
0.0740208625793
0.053849697113
0.0694479942322
0.068074464798
0.0548961162567
0.0585825443268
0.0536732673645
0.0802392959595
0.0657939910889
0.0558154582977
0.0434763431549
0.0533699989319
0.0538029670715
0.0688421726227
0.0430808067322
0.0576121807098
0.0438528060913
0.0780129432678
0.0970737934113
0.082396030426
0.117744445801
0.0605022907257
0.104367017746
0.0442638397217
0.0451271533966
0.0502653121948
0.0802614688873
0.0453841686249
0.066529750824
0.0946238040924
0.0988972187042
0.0593869686127
0.0611159801483
0.0938091278076
0.0880720615387
0.085343837738
0.0708961486816
0.0493001937866
0.0686390399933
0.0548615455627
0.0633945465088
0.0599849224091
0.0566704273224
0.0601687431335
0.0601532459259
0.0832979679108
0.0744791030884
0.0742325782776
0.10039973259
0.0780870914459
0.0668976306915
0.070663690567
0.065506696701
0.0822517871857
0.0737657546997
0.0618097782135
0.0778048038483
0.0764327049255
0.055237531662
0.0914676189423
0.0878384113312
0.105649232864
0.0793962478638
0.0820927619934
0.0768191814423
0.0722277164459
0.0720090866089
0.0532557964325
0.0635566711426
0.050745010376
0.0654709339142
0.057464838028
0.050858259201
0.0559270381927
0.0586385726929
0.0419244766235
0.0434463024139
0.0560390949249
0.0406637191772
0.0546350479126
0.034227848053
0.0607945919037
0.0596106052399
0.0416896343231
0.0686938762665
0.0678741931915
0.0697729587555
0.0670096874237
0.0549421310425
0.0805728435516
0.0723514556885
0.061158657074
0.0641567707062
0.0644538402557
0.0463116168976
0.066116809845
0.0694167613983
0.073573589325
0.0677554607391
0.0342509746552
0.0483102798462
0.0629861354828
0.0713527202606
0.066342830658
0.0922064781189
0.0707700252533
0.0673458576202
0.0708446502686
0.0762457847595
0.0531439781189
0.0895621776581
0.0654399394989
0.0504126548767
0.123944282532
0.0636897087097
0.0534088611603
0.0736267566681
0.0681154727936
0.0792191028595
0.0834612846375
0.075790643692
0.0623531341553
0.0666964054108
0.0783698558807
0.0885303020477
0.0717179775238
0.0690610408783
0.0610747337341
0.0655488967896
0.0587706565857
0.0496289730072
0.0566918849945
0.0460402965546
0.0642735958099
0.0640168190002
0.0394270420074
0.0441009998322
0.0583636760712
0.0518457889557
0.0577809810638
0.0491969585419
0.0412640571594
0.0581624507904
0.0472612380981
0.0440812110901
0.0509438514709
0.0557100772858
0.0977392196655
0.0919399261475
0.101378202438
0.0874993801117
0.117572546005
0.107422590256
0.090279340744
0.121052980423
0.102651357651
0.0971734523773
0.112940788269
0.111050844193
0.115602254868
0.106446266174
0.108837127686
0.131605863571
0.0922532081604
0.0938034057617
0.068706035614
0.0523200035095
0.0583648681641
0.0528080463409
0.034496307373
0.0387904644012
0.0500411987305
0.0607652664185
0.0575749874115
0.0606706142426
0.0793025493622
0.0957996845245
0.120321512222
0.0756611824036
0.1064016819
0.0549340248108
0.0842726230621
0.0572180747986
0.0590975284576
0.0802521705627
0.0814032554626
0.0570640563965
0.0450811386108
0.0632162094116
0.0546400547028
0.0591864585876
0.06272315979
0.0501556396484
0.0417668819427
0.0583777427673
0.0424437522888
0.0580492019653
0.0430288314819
0.0521478652954
0.0496575832367
0.0507211685181
0.0501735210419
0.0675284862518
0.0439720153809
0.0496335029602
0.0529301166534
0.0394306182861
0.0657961368561
0.0521697998047
0.0550186634064
0.054586648941
0.0661060810089
0.0615739822388
0.0472640991211
0.0765841007233
0.0705547332764
0.0731129646301
0.0762941837311
0.0642232894897
0.0632314682007
0.0912861824036
0.0782208442688
0.0868449211121
0.0564544200897
0.0704371929169
0.0587739944458
0.0487840175629
0.0557949542999
0.0503420829773
0.067440032959
0.0689461231232
0.0674514770508
0.0571570396423
0.0759620666504
0.0791492462158
0.078150510788
0.0760953426361
0.0877556800842
0.0745964050293
0.0729737281799
0.0633151531219
0.0674879550934
0.0505912303925
0.0514478683472
0.0712099075317
0.033539056778
0.0328185558319
0.0361251831055
0.0258612632751
0.0342655181885
0.114271879196
0.0802114009857
0.0753209590912
0.0848889350891
0.0856988430023
0.109230279922
0.075413942337
0.0784509181976
0.0766761302948
0.0675535202026
0.0659952163696
0.0755121707916
0.0812764167786
0.073737859726
0.0741374492645
0.0576753616333
0.0663034915924
0.078173160553
0.0813803672791
0.0969083309174
0.0951495170593
0.0946626663208
0.0744397640228
0.0752100944519
0.0574369430542
0.082391500473
0.0853886604309
0.0888428688049
0.0856194496155
0.0550906658173
0.0454578399658
0.0480909347534
0.0735459327698
0.0805339813232
0.0604772567749
0.0624425411224
0.0604078769684
0.0523746013641
0.0497291088104
0.0725700855255
0.0676219463348
0.0657653808594
0.0662612915039
0.0494396686554
0.0606055259705
0.0573151111603
0.0508162975311
0.055784702301
0.0544807910919
0.0656225681305
0.0494799613953
0.0496575832367
0.0498266220093
0.0584034919739
0.0650773048401
0.0584907531738
0.0575113296509
0.0619065761566
0.0734829902649
0.0458981990814
0.0506966114044
0.0510892868042
0.0771481990814
0.0670831203461
0.06551861763
0.0572247505188
0.065003156662
0.0422134399414
0.0486648082733
0.0425114631653
0.0496716499329
0.0417296886444
0.0581026077271
0.0684061050415
0.0521550178528
0.049919128418
0.0656089782715
0.0746960639954
0.0462033748627
0.0615789890289
0.0600686073303
0.0526180267334
0.0570664405823
0.0614111423492
0.0534615516663
0.0609383583069
0.0510437488556
0.0641672611237
0.0585432052612
0.0567536354065
0.0429010391235
0.0528273582458
0.0655078887939
0.0615031719208
0.0604214668274
0.0801410675049
0.0585894584656
0.0676200389862
0.0765583515167
0.0776243209839
0.0813534259796
0.0505139827728
0.0796265602112
0.0606212615967
0.0641338825226
0.0624248981476
0.064327955246
0.0545401573181
0.0464355945587
0.0696310997009
0.0560176372528
0.0800938606262
0.0821373462677
0.070095539093
0.085108757019
0.0638670921326
0.0619359016418
0.0501780509949
0.055114030838
0.0696530342102
0.0817649364471
0.0695531368256
0.0870594978333
0.0939559936523
0.100579023361
0.0691795349121
0.0874018669128
0.0738735198975
0.0861709117889
0.0604045391083
0.05797123909
0.0501735210419
0.0438635349274
0.0557734966278
0.0527331829071
0.0485708713531
0.0485124588013
0.0436811447144
0.0463087558746
0.0417561531067
0.0503842830658
0.0425727367401
0.0414788722992
0.0501508712769
0.0497779846191
0.0476233959198
0.0635569095612
0.043301820755
0.0482337474823
0.0453214645386
0.0510680675507
0.0705106258392
0.0561487674713
0.0674631595612
0.0572807788849
0.0490214824677
0.0606553554535
0.0603523254395
0.0614922046661
0.0577833652496
0.0493953227997
0.0504815578461
0.0505516529083
0.0461955070496
0.0446586608887
0.0516743659973
0.0744202136993
0.0682590007782
0.0749607086182
0.0536308288574
0.042631149292
0.0648930072784
0.0887079238892
0.0816695690155
0.0586040019989
0.0573382377625
0.0547137260437
0.0699334144592
0.0632088184357
0.0532007217407
0.0572850704193
0.0516936779022
0.052478313446
0.0531485080719
0.0371913909912
0.0767645835876
0.0580356121063
0.0528128147125
0.0430221557617
